BT30ER16-70=28,48,0,1;46,22,0,1;0.000000
BT30ER20-70=34,48,0,1;46,22,0,1;0.000000
BT30ER25-70=42,48,0,1;46,22,0,1;0.000000
BT30ER32-70=50,70,0,1;0.000000
BT40ER16-70=28,43,0,1;63,27,0,1;0.000000
BT40ER20-100=34,73,0,1;63,27,0,1;0.000000
BT40ER25-100=42,73,0,1;63,27,0,1;0.000000
BT40ER32-100=50,73,0,1;63,27,0,1;0.000000
BT40ER40-150=63,150,0,1;0.000000
BT50ER16-100=28,62,0,1;100,38,0,1;10.000000
BT50ER20-100=34,62,0,1;70,38,0,1;10.000000
BT50ER32-100=50,62,0,1;100,38,0,1;10.000000
BT50ER40-150=63,112,0,1;100,38,0,1;10.000000
C16ER16M=28,25,0,1;0.000000
C20ER20M=16,80,0,1;0.000000
C25ER25M=35,150,0,1;0.000000
CR12-10-80=10,20,0,0;18,67,3,0;28,12,0,0;40,49,3,0;65,26,0,0;0.000000
BT40-SLK12-45+CR12-4-35=10,23.67,3,0.5;12.48,7.24,43.04,0;26,4,0,0;38,18,3,2;63,25,0,0.5;44.45,2,0,0;44.45,65.4,-8.33,0;0.000000
BT40-SLK12-45+CR12-4-55=10,43.44,3,0.5;14.55,7.55,37.16,0;26,4,0,0;38,18,3,2;63,25,0,0.5;44.45,2,0,0;44.45,65.4,-8.33,0;0.000000
SDC6-L150=15,80,3.305,0;24.241,45,8.692,0;63,20,0,0;0.000000

